5.000000e-04 5.999240e+00 1.959750e+01 4.608940e+02 
1.500000e-03 5.999240e+00 1.959750e+01 4.608940e+02 
2.500000e-03 5.999240e+00 1.959750e+01 4.608940e+02 
3.500000e-03 5.999240e+00 1.959750e+01 4.608940e+02 
4.500000e-03 5.999240e+00 1.959750e+01 4.608940e+02 
5.500000e-03 5.999240e+00 1.959750e+01 4.608940e+02 
6.500000e-03 5.999240e+00 1.959750e+01 4.608940e+02 
7.500000e-03 5.999240e+00 1.959750e+01 4.608940e+02 
8.500000e-03 5.999240e+00 1.959750e+01 4.608940e+02 
9.500000e-03 5.999240e+00 1.959750e+01 4.608940e+02 
1.050000e-02 5.999240e+00 1.959750e+01 4.608940e+02 
1.150000e-02 5.999240e+00 1.959750e+01 4.608940e+02 
1.250000e-02 5.999240e+00 1.959750e+01 4.608940e+02 
1.350000e-02 5.999240e+00 1.959750e+01 4.608940e+02 
1.450000e-02 5.999240e+00 1.959750e+01 4.608940e+02 
1.550000e-02 5.999240e+00 1.959750e+01 4.608940e+02 
1.650000e-02 5.999240e+00 1.959750e+01 4.608940e+02 
1.750000e-02 5.999240e+00 1.959750e+01 4.608940e+02 
1.850000e-02 5.999240e+00 1.959750e+01 4.608940e+02 
1.950000e-02 5.999240e+00 1.959750e+01 4.608940e+02 
2.050000e-02 5.999240e+00 1.959750e+01 4.608940e+02 
2.150000e-02 5.999240e+00 1.959750e+01 4.608940e+02 
2.250000e-02 5.999240e+00 1.959750e+01 4.608940e+02 
2.350000e-02 5.999240e+00 1.959750e+01 4.608940e+02 
2.450000e-02 5.999240e+00 1.959750e+01 4.608940e+02 
2.550000e-02 5.999240e+00 1.959750e+01 4.608940e+02 
2.650000e-02 5.999240e+00 1.959750e+01 4.608940e+02 
2.750000e-02 5.999240e+00 1.959750e+01 4.608940e+02 
2.850000e-02 5.999240e+00 1.959750e+01 4.608940e+02 
2.950000e-02 5.999240e+00 1.959750e+01 4.608940e+02 
3.050000e-02 5.999240e+00 1.959750e+01 4.608940e+02 
3.150000e-02 5.999240e+00 1.959750e+01 4.608940e+02 
3.250000e-02 5.999240e+00 1.959750e+01 4.608940e+02 
3.350000e-02 5.999240e+00 1.959750e+01 4.608940e+02 
3.450000e-02 5.999240e+00 1.959750e+01 4.608940e+02 
3.550000e-02 5.999240e+00 1.959750e+01 4.608940e+02 
3.650000e-02 5.999240e+00 1.959750e+01 4.608940e+02 
3.750000e-02 5.999240e+00 1.959750e+01 4.608940e+02 
3.850000e-02 5.999240e+00 1.959750e+01 4.608940e+02 
3.950000e-02 5.999240e+00 1.959750e+01 4.608940e+02 
4.050000e-02 5.999240e+00 1.959750e+01 4.608940e+02 
4.150000e-02 5.999240e+00 1.959750e+01 4.608940e+02 
4.250000e-02 5.999240e+00 1.959750e+01 4.608940e+02 
4.350000e-02 5.999240e+00 1.959750e+01 4.608940e+02 
4.450000e-02 5.999240e+00 1.959750e+01 4.608940e+02 
4.550000e-02 5.999240e+00 1.959750e+01 4.608940e+02 
4.650000e-02 5.999240e+00 1.959750e+01 4.608940e+02 
4.750000e-02 5.999240e+00 1.959750e+01 4.608940e+02 
4.850000e-02 5.999240e+00 1.959750e+01 4.608940e+02 
4.950000e-02 5.999240e+00 1.959750e+01 4.608940e+02 
5.050000e-02 5.999240e+00 1.959750e+01 4.608940e+02 
5.150000e-02 5.999240e+00 1.959750e+01 4.608940e+02 
5.250000e-02 5.999240e+00 1.959750e+01 4.608940e+02 
5.350000e-02 5.999240e+00 1.959750e+01 4.608940e+02 
5.450000e-02 5.999240e+00 1.959750e+01 4.608940e+02 
5.550000e-02 5.999240e+00 1.959750e+01 4.608940e+02 
5.650000e-02 5.999240e+00 1.959750e+01 4.608940e+02 
5.750000e-02 5.999240e+00 1.959750e+01 4.608940e+02 
5.850000e-02 5.999240e+00 1.959750e+01 4.608940e+02 
5.950000e-02 5.999240e+00 1.959750e+01 4.608940e+02 
6.050000e-02 5.999240e+00 1.959750e+01 4.608940e+02 
6.150000e-02 5.999240e+00 1.959750e+01 4.608940e+02 
6.250000e-02 5.999240e+00 1.959750e+01 4.608940e+02 
6.350000e-02 5.999240e+00 1.959750e+01 4.608940e+02 
6.450000e-02 5.999240e+00 1.959750e+01 4.608940e+02 
6.550000e-02 5.999240e+00 1.959750e+01 4.608940e+02 
6.650000e-02 5.999240e+00 1.959750e+01 4.608940e+02 
6.750000e-02 5.999240e+00 1.959750e+01 4.608940e+02 
6.850000e-02 5.999240e+00 1.959750e+01 4.608940e+02 
6.950000e-02 5.999240e+00 1.959750e+01 4.608940e+02 
7.050000e-02 5.999240e+00 1.959750e+01 4.608940e+02 
7.150000e-02 5.999240e+00 1.959750e+01 4.608940e+02 
7.250000e-02 5.999240e+00 1.959750e+01 4.608940e+02 
7.350000e-02 5.999240e+00 1.959750e+01 4.608940e+02 
7.450000e-02 5.999240e+00 1.959750e+01 4.608940e+02 
7.550000e-02 5.999240e+00 1.959750e+01 4.608940e+02 
7.650000e-02 5.999240e+00 1.959750e+01 4.608940e+02 
7.750000e-02 5.999240e+00 1.959750e+01 4.608940e+02 
7.850000e-02 5.999240e+00 1.959750e+01 4.608940e+02 
7.950000e-02 5.999240e+00 1.959750e+01 4.608940e+02 
8.050000e-02 5.999240e+00 1.959750e+01 4.608940e+02 
8.150000e-02 5.999240e+00 1.959750e+01 4.608940e+02 
8.250000e-02 5.999240e+00 1.959750e+01 4.608940e+02 
8.350000e-02 5.999240e+00 1.959750e+01 4.608940e+02 
8.450000e-02 5.999240e+00 1.959750e+01 4.608940e+02 
8.550000e-02 5.999240e+00 1.959750e+01 4.608940e+02 
8.650000e-02 5.999240e+00 1.959750e+01 4.608940e+02 
8.750000e-02 5.999240e+00 1.959750e+01 4.608940e+02 
8.850000e-02 5.999240e+00 1.959750e+01 4.608940e+02 
8.950000e-02 5.999240e+00 1.959750e+01 4.608940e+02 
9.050000e-02 5.999240e+00 1.959750e+01 4.608940e+02 
9.150000e-02 5.999240e+00 1.959750e+01 4.608940e+02 
9.250000e-02 5.999240e+00 1.959750e+01 4.608940e+02 
9.350000e-02 5.999240e+00 1.959750e+01 4.608940e+02 
9.450000e-02 5.999240e+00 1.959750e+01 4.608940e+02 
9.550000e-02 5.999240e+00 1.959750e+01 4.608940e+02 
9.650000e-02 5.999240e+00 1.959750e+01 4.608940e+02 
9.750000e-02 5.999240e+00 1.959750e+01 4.608940e+02 
9.850000e-02 5.999240e+00 1.959750e+01 4.608940e+02 
9.950000e-02 5.999240e+00 1.959750e+01 4.608940e+02 
1.005000e-01 5.999240e+00 1.959750e+01 4.608940e+02 
1.015000e-01 5.999240e+00 1.959750e+01 4.608940e+02 
1.025000e-01 5.999240e+00 1.959750e+01 4.608940e+02 
1.035000e-01 5.999240e+00 1.959750e+01 4.608940e+02 
1.045000e-01 5.999240e+00 1.959750e+01 4.608940e+02 
1.055000e-01 5.999240e+00 1.959750e+01 4.608940e+02 
1.065000e-01 5.999240e+00 1.959750e+01 4.608940e+02 
1.075000e-01 5.999240e+00 1.959750e+01 4.608940e+02 
1.085000e-01 5.999240e+00 1.959750e+01 4.608940e+02 
1.095000e-01 5.999240e+00 1.959750e+01 4.608940e+02 
1.105000e-01 5.999240e+00 1.959750e+01 4.608940e+02 
1.115000e-01 5.999240e+00 1.959750e+01 4.608940e+02 
1.125000e-01 5.999240e+00 1.959750e+01 4.608940e+02 
1.135000e-01 5.999240e+00 1.959750e+01 4.608940e+02 
1.145000e-01 5.999240e+00 1.959750e+01 4.608940e+02 
1.155000e-01 5.999240e+00 1.959750e+01 4.608940e+02 
1.165000e-01 5.999240e+00 1.959750e+01 4.608940e+02 
1.175000e-01 5.999240e+00 1.959750e+01 4.608940e+02 
1.185000e-01 5.999240e+00 1.959750e+01 4.608940e+02 
1.195000e-01 5.999240e+00 1.959750e+01 4.608940e+02 
1.205000e-01 5.999240e+00 1.959750e+01 4.608940e+02 
1.215000e-01 5.999240e+00 1.959750e+01 4.608940e+02 
1.225000e-01 5.999240e+00 1.959750e+01 4.608940e+02 
1.235000e-01 5.999240e+00 1.959750e+01 4.608940e+02 
1.245000e-01 5.999240e+00 1.959750e+01 4.608940e+02 
1.255000e-01 5.999240e+00 1.959750e+01 4.608940e+02 
1.265000e-01 5.999240e+00 1.959750e+01 4.608940e+02 
1.275000e-01 5.999240e+00 1.959750e+01 4.608940e+02 
1.285000e-01 5.999240e+00 1.959750e+01 4.608940e+02 
1.295000e-01 5.999240e+00 1.959750e+01 4.608940e+02 
1.305000e-01 5.999240e+00 1.959750e+01 4.608940e+02 
1.315000e-01 5.999240e+00 1.959750e+01 4.608940e+02 
1.325000e-01 5.999240e+00 1.959750e+01 4.608940e+02 
1.335000e-01 5.999240e+00 1.959750e+01 4.608940e+02 
1.345000e-01 5.999240e+00 1.959750e+01 4.608940e+02 
1.355000e-01 5.999240e+00 1.959750e+01 4.608940e+02 
1.365000e-01 5.999240e+00 1.959750e+01 4.608940e+02 
1.375000e-01 5.999240e+00 1.959750e+01 4.608940e+02 
1.385000e-01 5.999240e+00 1.959750e+01 4.608940e+02 
1.395000e-01 5.999240e+00 1.959750e+01 4.608940e+02 
1.405000e-01 5.999240e+00 1.959750e+01 4.608940e+02 
1.415000e-01 5.999240e+00 1.959750e+01 4.608940e+02 
1.425000e-01 5.999240e+00 1.959750e+01 4.608940e+02 
1.435000e-01 5.999240e+00 1.959750e+01 4.608940e+02 
1.445000e-01 5.999240e+00 1.959750e+01 4.608940e+02 
1.455000e-01 5.999240e+00 1.959750e+01 4.608940e+02 
1.465000e-01 5.999240e+00 1.959750e+01 4.608940e+02 
1.475000e-01 5.999240e+00 1.959750e+01 4.608940e+02 
1.485000e-01 5.999240e+00 1.959750e+01 4.608940e+02 
1.495000e-01 5.999240e+00 1.959750e+01 4.608940e+02 
1.505000e-01 5.999240e+00 1.959750e+01 4.608940e+02 
1.515000e-01 5.999240e+00 1.959750e+01 4.608940e+02 
1.525000e-01 5.999240e+00 1.959750e+01 4.608940e+02 
1.535000e-01 5.999240e+00 1.959750e+01 4.608940e+02 
1.545000e-01 5.999240e+00 1.959750e+01 4.608940e+02 
1.555000e-01 5.999240e+00 1.959750e+01 4.608940e+02 
1.565000e-01 5.999240e+00 1.959750e+01 4.608940e+02 
1.575000e-01 5.999240e+00 1.959750e+01 4.608940e+02 
1.585000e-01 5.999240e+00 1.959750e+01 4.608940e+02 
1.595000e-01 5.999240e+00 1.959750e+01 4.608940e+02 
1.605000e-01 5.999240e+00 1.959750e+01 4.608940e+02 
1.615000e-01 5.999240e+00 1.959750e+01 4.608940e+02 
1.625000e-01 5.999240e+00 1.959750e+01 4.608940e+02 
1.635000e-01 5.999240e+00 1.959750e+01 4.608940e+02 
1.645000e-01 5.999240e+00 1.959750e+01 4.608940e+02 
1.655000e-01 5.999240e+00 1.959750e+01 4.608940e+02 
1.665000e-01 5.999240e+00 1.959750e+01 4.608940e+02 
1.675000e-01 5.999240e+00 1.959750e+01 4.608940e+02 
1.685000e-01 5.999240e+00 1.959750e+01 4.608940e+02 
1.695000e-01 5.999240e+00 1.959750e+01 4.608940e+02 
1.705000e-01 5.999240e+00 1.959750e+01 4.608940e+02 
1.715000e-01 5.999240e+00 1.959750e+01 4.608940e+02 
1.725000e-01 5.999240e+00 1.959750e+01 4.608940e+02 
1.735000e-01 5.999240e+00 1.959750e+01 4.608940e+02 
1.745000e-01 5.999240e+00 1.959750e+01 4.608940e+02 
1.755000e-01 5.999240e+00 1.959750e+01 4.608940e+02 
1.765000e-01 5.999240e+00 1.959750e+01 4.608940e+02 
1.775000e-01 5.999240e+00 1.959750e+01 4.608940e+02 
1.785000e-01 5.999240e+00 1.959750e+01 4.608940e+02 
1.795000e-01 5.999240e+00 1.959750e+01 4.608940e+02 
1.805000e-01 5.999240e+00 1.959750e+01 4.608940e+02 
1.815000e-01 5.999240e+00 1.959750e+01 4.608940e+02 
1.825000e-01 5.999240e+00 1.959750e+01 4.608940e+02 
1.835000e-01 5.999240e+00 1.959750e+01 4.608940e+02 
1.845000e-01 5.999240e+00 1.959750e+01 4.608940e+02 
1.855000e-01 5.999240e+00 1.959750e+01 4.608940e+02 
1.865000e-01 5.999240e+00 1.959750e+01 4.608940e+02 
1.875000e-01 5.999240e+00 1.959750e+01 4.608940e+02 
1.885000e-01 5.999240e+00 1.959750e+01 4.608940e+02 
1.895000e-01 5.999240e+00 1.959750e+01 4.608940e+02 
1.905000e-01 5.999240e+00 1.959750e+01 4.608940e+02 
1.915000e-01 5.999240e+00 1.959750e+01 4.608940e+02 
1.925000e-01 5.999240e+00 1.959750e+01 4.608940e+02 
1.935000e-01 5.999240e+00 1.959750e+01 4.608940e+02 
1.945000e-01 5.999240e+00 1.959750e+01 4.608940e+02 
1.955000e-01 5.999240e+00 1.959750e+01 4.608940e+02 
1.965000e-01 5.999240e+00 1.959750e+01 4.608940e+02 
1.975000e-01 5.999240e+00 1.959750e+01 4.608940e+02 
1.985000e-01 5.999240e+00 1.959750e+01 4.608940e+02 
1.995000e-01 5.999240e+00 1.959750e+01 4.608940e+02 
2.005000e-01 5.999240e+00 1.959750e+01 4.608940e+02 
2.015000e-01 5.999240e+00 1.959750e+01 4.608940e+02 
2.025000e-01 5.999240e+00 1.959750e+01 4.608940e+02 
2.035000e-01 5.999240e+00 1.959750e+01 4.608940e+02 
2.045000e-01 5.999240e+00 1.959750e+01 4.608940e+02 
2.055000e-01 5.999240e+00 1.959750e+01 4.608940e+02 
2.065000e-01 5.999240e+00 1.959750e+01 4.608940e+02 
2.075000e-01 5.999240e+00 1.959750e+01 4.608940e+02 
2.085000e-01 5.999240e+00 1.959750e+01 4.608940e+02 
2.095000e-01 5.999240e+00 1.959750e+01 4.608940e+02 
2.105000e-01 5.999240e+00 1.959750e+01 4.608940e+02 
2.115000e-01 5.999240e+00 1.959750e+01 4.608940e+02 
2.125000e-01 5.999240e+00 1.959750e+01 4.608940e+02 
2.135000e-01 5.999240e+00 1.959750e+01 4.608940e+02 
2.145000e-01 5.999240e+00 1.959750e+01 4.608940e+02 
2.155000e-01 5.999240e+00 1.959750e+01 4.608940e+02 
2.165000e-01 5.999240e+00 1.959750e+01 4.608940e+02 
2.175000e-01 5.999240e+00 1.959750e+01 4.608940e+02 
2.185000e-01 5.999240e+00 1.959750e+01 4.608940e+02 
2.195000e-01 5.999240e+00 1.959750e+01 4.608940e+02 
2.205000e-01 5.999240e+00 1.959750e+01 4.608940e+02 
2.215000e-01 5.999240e+00 1.959750e+01 4.608940e+02 
2.225000e-01 5.999240e+00 1.959750e+01 4.608940e+02 
2.235000e-01 5.999240e+00 1.959750e+01 4.608940e+02 
2.245000e-01 5.999240e+00 1.959750e+01 4.608940e+02 
2.255000e-01 5.999240e+00 1.959750e+01 4.608940e+02 
2.265000e-01 5.999240e+00 1.959750e+01 4.608940e+02 
2.275000e-01 5.999240e+00 1.959750e+01 4.608940e+02 
2.285000e-01 5.999240e+00 1.959750e+01 4.608940e+02 
2.295000e-01 5.999240e+00 1.959750e+01 4.608940e+02 
2.305000e-01 5.999240e+00 1.959750e+01 4.608940e+02 
2.315000e-01 5.999240e+00 1.959750e+01 4.608940e+02 
2.325000e-01 5.999240e+00 1.959750e+01 4.608940e+02 
2.335000e-01 5.999240e+00 1.959750e+01 4.608940e+02 
2.345000e-01 5.999240e+00 1.959750e+01 4.608940e+02 
2.355000e-01 5.999240e+00 1.959750e+01 4.608940e+02 
2.365000e-01 5.999240e+00 1.959750e+01 4.608940e+02 
2.375000e-01 5.999240e+00 1.959750e+01 4.608940e+02 
2.385000e-01 5.999240e+00 1.959750e+01 4.608940e+02 
2.395000e-01 5.999240e+00 1.959750e+01 4.608940e+02 
2.405000e-01 5.999240e+00 1.959750e+01 4.608940e+02 
2.415000e-01 5.999240e+00 1.959750e+01 4.608940e+02 
2.425000e-01 5.999240e+00 1.959750e+01 4.608940e+02 
2.435000e-01 5.999240e+00 1.959750e+01 4.608940e+02 
2.445000e-01 5.999240e+00 1.959750e+01 4.608940e+02 
2.455000e-01 5.999240e+00 1.959750e+01 4.608940e+02 
2.465000e-01 5.999240e+00 1.959750e+01 4.608940e+02 
2.475000e-01 5.999240e+00 1.959750e+01 4.608940e+02 
2.485000e-01 5.999240e+00 1.959750e+01 4.608940e+02 
2.495000e-01 5.999240e+00 1.959750e+01 4.608940e+02 
2.505000e-01 5.999240e+00 1.959750e+01 4.608940e+02 
2.515000e-01 5.999240e+00 1.959750e+01 4.608940e+02 
2.525000e-01 5.999240e+00 1.959750e+01 4.608940e+02 
2.535000e-01 5.999240e+00 1.959750e+01 4.608940e+02 
2.545000e-01 5.999240e+00 1.959750e+01 4.608940e+02 
2.555000e-01 5.999240e+00 1.959750e+01 4.608940e+02 
2.565000e-01 5.999240e+00 1.959750e+01 4.608940e+02 
2.575000e-01 5.999240e+00 1.959750e+01 4.608940e+02 
2.585000e-01 5.999240e+00 1.959750e+01 4.608940e+02 
2.595000e-01 5.999240e+00 1.959750e+01 4.608940e+02 
2.605000e-01 5.999240e+00 1.959750e+01 4.608940e+02 
2.615000e-01 5.999240e+00 1.959750e+01 4.608940e+02 
2.625000e-01 5.999240e+00 1.959750e+01 4.608940e+02 
2.635000e-01 5.999240e+00 1.959750e+01 4.608940e+02 
2.645000e-01 5.999240e+00 1.959750e+01 4.608940e+02 
2.655000e-01 5.999240e+00 1.959750e+01 4.608940e+02 
2.665000e-01 5.999240e+00 1.959750e+01 4.608940e+02 
2.675000e-01 5.999240e+00 1.959750e+01 4.608940e+02 
2.685000e-01 5.999240e+00 1.959750e+01 4.608940e+02 
2.695000e-01 5.999240e+00 1.959750e+01 4.608940e+02 
2.705000e-01 5.999240e+00 1.959750e+01 4.608940e+02 
2.715000e-01 5.999240e+00 1.959750e+01 4.608940e+02 
2.725000e-01 5.999240e+00 1.959750e+01 4.608940e+02 
2.735000e-01 5.999240e+00 1.959750e+01 4.608940e+02 
2.745000e-01 5.999240e+00 1.959750e+01 4.608940e+02 
2.755000e-01 5.999240e+00 1.959750e+01 4.608940e+02 
2.765000e-01 5.999240e+00 1.959750e+01 4.608940e+02 
2.775000e-01 5.999240e+00 1.959750e+01 4.608940e+02 
2.785000e-01 5.999240e+00 1.959750e+01 4.608940e+02 
2.795000e-01 5.999240e+00 1.959750e+01 4.608940e+02 
2.805000e-01 5.999240e+00 1.959750e+01 4.608940e+02 
2.815000e-01 5.999240e+00 1.959750e+01 4.608940e+02 
2.825000e-01 5.999240e+00 1.959750e+01 4.608940e+02 
2.835000e-01 5.999240e+00 1.959750e+01 4.608940e+02 
2.845000e-01 5.999240e+00 1.959750e+01 4.608940e+02 
2.855000e-01 5.999240e+00 1.959750e+01 4.608940e+02 
2.865000e-01 5.999240e+00 1.959750e+01 4.608940e+02 
2.875000e-01 5.999240e+00 1.959750e+01 4.608940e+02 
2.885000e-01 5.999240e+00 1.959750e+01 4.608940e+02 
2.895000e-01 5.999240e+00 1.959750e+01 4.608940e+02 
2.905000e-01 5.999240e+00 1.959750e+01 4.608940e+02 
2.915000e-01 5.999240e+00 1.959750e+01 4.608940e+02 
2.925000e-01 5.999240e+00 1.959750e+01 4.608940e+02 
2.935000e-01 5.999240e+00 1.959750e+01 4.608940e+02 
2.945000e-01 5.999240e+00 1.959750e+01 4.608940e+02 
2.955000e-01 5.999240e+00 1.959750e+01 4.608940e+02 
2.965000e-01 5.999240e+00 1.959750e+01 4.608940e+02 
2.975000e-01 5.999240e+00 1.959750e+01 4.608940e+02 
2.985000e-01 5.999240e+00 1.959750e+01 4.608940e+02 
2.995000e-01 5.999240e+00 1.959750e+01 4.608940e+02 
3.005000e-01 5.999240e+00 1.959750e+01 4.608940e+02 
3.015000e-01 5.999240e+00 1.959750e+01 4.608940e+02 
3.025000e-01 5.999240e+00 1.959750e+01 4.608940e+02 
3.035000e-01 5.999240e+00 1.959750e+01 4.608940e+02 
3.045000e-01 5.999240e+00 1.959750e+01 4.608940e+02 
3.055000e-01 5.999240e+00 1.959750e+01 4.608940e+02 
3.065000e-01 5.999240e+00 1.959750e+01 4.608940e+02 
3.075000e-01 5.999240e+00 1.959750e+01 4.608940e+02 
3.085000e-01 5.999240e+00 1.959750e+01 4.608940e+02 
3.095000e-01 5.999240e+00 1.959750e+01 4.608940e+02 
3.105000e-01 5.999240e+00 1.959750e+01 4.608940e+02 
3.115000e-01 5.999240e+00 1.959750e+01 4.608940e+02 
3.125000e-01 5.999240e+00 1.959750e+01 4.608940e+02 
3.135000e-01 5.999240e+00 1.959750e+01 4.608940e+02 
3.145000e-01 5.999240e+00 1.959750e+01 4.608940e+02 
3.155000e-01 5.999240e+00 1.959750e+01 4.608940e+02 
3.165000e-01 5.999240e+00 1.959750e+01 4.608940e+02 
3.175000e-01 5.999240e+00 1.959750e+01 4.608940e+02 
3.185000e-01 5.999240e+00 1.959750e+01 4.608940e+02 
3.195000e-01 5.999240e+00 1.959750e+01 4.608940e+02 
3.205000e-01 5.999240e+00 1.959750e+01 4.608940e+02 
3.215000e-01 5.999240e+00 1.959750e+01 4.608940e+02 
3.225000e-01 5.999240e+00 1.959750e+01 4.608940e+02 
3.235000e-01 5.999240e+00 1.959750e+01 4.608940e+02 
3.245000e-01 5.999240e+00 1.959750e+01 4.608940e+02 
3.255000e-01 5.999240e+00 1.959750e+01 4.608940e+02 
3.265000e-01 5.999240e+00 1.959750e+01 4.608940e+02 
3.275000e-01 5.999240e+00 1.959750e+01 4.608940e+02 
3.285000e-01 5.999240e+00 1.959750e+01 4.608940e+02 
3.295000e-01 5.999240e+00 1.959750e+01 4.608940e+02 
3.305000e-01 5.999240e+00 1.959750e+01 4.608940e+02 
3.315000e-01 5.999240e+00 1.959750e+01 4.608940e+02 
3.325000e-01 5.999240e+00 1.959750e+01 4.608940e+02 
3.335000e-01 5.999240e+00 1.959750e+01 4.608940e+02 
3.345000e-01 5.999240e+00 1.959750e+01 4.608940e+02 
3.355000e-01 5.999240e+00 1.959750e+01 4.608940e+02 
3.365000e-01 5.999240e+00 1.959750e+01 4.608940e+02 
3.375000e-01 5.999240e+00 1.959750e+01 4.608940e+02 
3.385000e-01 5.999240e+00 1.959750e+01 4.608940e+02 
3.395000e-01 5.999240e+00 1.959750e+01 4.608940e+02 
3.405000e-01 5.999240e+00 1.959750e+01 4.608940e+02 
3.415000e-01 5.999240e+00 1.959750e+01 4.608940e+02 
3.425000e-01 5.999240e+00 1.959750e+01 4.608940e+02 
3.435000e-01 5.999240e+00 1.959750e+01 4.608940e+02 
3.445000e-01 5.999240e+00 1.959750e+01 4.608940e+02 
3.455000e-01 5.999240e+00 1.959750e+01 4.608940e+02 
3.465000e-01 5.999240e+00 1.959750e+01 4.608940e+02 
3.475000e-01 5.999240e+00 1.959750e+01 4.608940e+02 
3.485000e-01 5.999240e+00 1.959750e+01 4.608940e+02 
3.495000e-01 5.999240e+00 1.959750e+01 4.608940e+02 
3.505000e-01 5.999240e+00 1.959750e+01 4.608940e+02 
3.515000e-01 5.999240e+00 1.959750e+01 4.608940e+02 
3.525000e-01 5.999240e+00 1.959750e+01 4.608940e+02 
3.535000e-01 5.999240e+00 1.959750e+01 4.608940e+02 
3.545000e-01 5.999240e+00 1.959750e+01 4.608940e+02 
3.555000e-01 5.999240e+00 1.959750e+01 4.608940e+02 
3.565000e-01 5.999240e+00 1.959750e+01 4.608940e+02 
3.575000e-01 5.999240e+00 1.959750e+01 4.608940e+02 
3.585000e-01 5.999240e+00 1.959750e+01 4.608940e+02 
3.595000e-01 5.999240e+00 1.959750e+01 4.608940e+02 
3.605000e-01 5.999240e+00 1.959750e+01 4.608940e+02 
3.615000e-01 5.999240e+00 1.959750e+01 4.608940e+02 
3.625000e-01 5.999240e+00 1.959750e+01 4.608940e+02 
3.635000e-01 5.999240e+00 1.959750e+01 4.608940e+02 
3.645000e-01 5.999240e+00 1.959750e+01 4.608940e+02 
3.655000e-01 5.999240e+00 1.959750e+01 4.608940e+02 
3.665000e-01 5.999240e+00 1.959750e+01 4.608940e+02 
3.675000e-01 5.999240e+00 1.959750e+01 4.608940e+02 
3.685000e-01 5.999240e+00 1.959750e+01 4.608940e+02 
3.695000e-01 5.999240e+00 1.959750e+01 4.608940e+02 
3.705000e-01 5.999240e+00 1.959750e+01 4.608940e+02 
3.715000e-01 5.999240e+00 1.959750e+01 4.608940e+02 
3.725000e-01 5.999240e+00 1.959750e+01 4.608940e+02 
3.735000e-01 5.999240e+00 1.959750e+01 4.608940e+02 
3.745000e-01 5.999240e+00 1.959750e+01 4.608940e+02 
3.755000e-01 5.999240e+00 1.959750e+01 4.608940e+02 
3.765000e-01 5.999240e+00 1.959750e+01 4.608940e+02 
3.775000e-01 5.999240e+00 1.959750e+01 4.608940e+02 
3.785000e-01 5.999240e+00 1.959750e+01 4.608940e+02 
3.795000e-01 5.999240e+00 1.959750e+01 4.608940e+02 
3.805000e-01 5.999240e+00 1.959750e+01 4.608940e+02 
3.815000e-01 5.999240e+00 1.959750e+01 4.608940e+02 
3.825000e-01 5.999240e+00 1.959750e+01 4.608940e+02 
3.835000e-01 5.999240e+00 1.959750e+01 4.608940e+02 
3.845000e-01 5.999240e+00 1.959750e+01 4.608940e+02 
3.855000e-01 5.999240e+00 1.959750e+01 4.608940e+02 
3.865000e-01 5.999240e+00 1.959750e+01 4.608940e+02 
3.875000e-01 5.999240e+00 1.959750e+01 4.608940e+02 
3.885000e-01 5.999240e+00 1.959750e+01 4.608940e+02 
3.895000e-01 5.999240e+00 1.959750e+01 4.608940e+02 
3.905000e-01 5.999240e+00 1.959750e+01 4.608940e+02 
3.915000e-01 5.999240e+00 1.959750e+01 4.608940e+02 
3.925000e-01 5.999240e+00 1.959750e+01 4.608940e+02 
3.935000e-01 5.999240e+00 1.959750e+01 4.608940e+02 
3.945000e-01 5.999240e+00 1.959750e+01 4.608940e+02 
3.955000e-01 5.999240e+00 1.959750e+01 4.608940e+02 
3.965000e-01 5.999240e+00 1.959750e+01 4.608940e+02 
3.975000e-01 5.999240e+00 1.959750e+01 4.608940e+02 
3.985000e-01 5.999240e+00 1.959750e+01 4.608940e+02 
3.995000e-01 5.999240e+00 1.959750e+01 4.608940e+02 
4.005000e-01 5.999240e+00 1.959750e+01 4.608940e+02 
4.015000e-01 5.999240e+00 1.959750e+01 4.608940e+02 
4.025000e-01 5.999240e+00 1.959750e+01 4.608940e+02 
4.035000e-01 5.999240e+00 1.959750e+01 4.608940e+02 
4.045000e-01 5.999240e+00 1.959750e+01 4.608940e+02 
4.055000e-01 5.999240e+00 1.959750e+01 4.608940e+02 
4.065000e-01 5.999240e+00 1.959750e+01 4.608940e+02 
4.075000e-01 5.999240e+00 1.959750e+01 4.608940e+02 
4.085000e-01 5.999240e+00 1.959750e+01 4.608940e+02 
4.095000e-01 5.999240e+00 1.959750e+01 4.608940e+02 
4.105000e-01 5.999240e+00 1.959750e+01 4.608940e+02 
4.115000e-01 5.999240e+00 1.959750e+01 4.608940e+02 
4.125000e-01 5.999240e+00 1.959750e+01 4.608940e+02 
4.135000e-01 5.999240e+00 1.959750e+01 4.608940e+02 
4.145000e-01 5.999240e+00 1.959750e+01 4.608940e+02 
4.155000e-01 5.999240e+00 1.959750e+01 4.608940e+02 
4.165000e-01 5.999240e+00 1.959750e+01 4.608940e+02 
4.175000e-01 5.999240e+00 1.959750e+01 4.608940e+02 
4.185000e-01 5.999240e+00 1.959750e+01 4.608940e+02 
4.195000e-01 5.999240e+00 1.959750e+01 4.608940e+02 
4.205000e-01 5.999240e+00 1.959750e+01 4.608940e+02 
4.215000e-01 5.999240e+00 1.959750e+01 4.608940e+02 
4.225000e-01 5.999240e+00 1.959750e+01 4.608940e+02 
4.235000e-01 5.999240e+00 1.959750e+01 4.608940e+02 
4.245000e-01 5.999240e+00 1.959750e+01 4.608940e+02 
4.255000e-01 5.999240e+00 1.959750e+01 4.608940e+02 
4.265000e-01 5.999240e+00 1.959750e+01 4.608940e+02 
4.275000e-01 5.999240e+00 1.959750e+01 4.608940e+02 
4.285000e-01 5.999240e+00 1.959750e+01 4.608940e+02 
4.295000e-01 5.999240e+00 1.959750e+01 4.608940e+02 
4.305000e-01 5.999240e+00 1.959750e+01 4.608940e+02 
4.315000e-01 5.999240e+00 1.959750e+01 4.608940e+02 
4.325000e-01 5.999240e+00 1.959750e+01 4.608940e+02 
4.335000e-01 5.999240e+00 1.959750e+01 4.608940e+02 
4.345000e-01 5.999240e+00 1.959750e+01 4.608940e+02 
4.355000e-01 5.999240e+00 1.959750e+01 4.608940e+02 
4.365000e-01 5.999240e+00 1.959750e+01 4.608940e+02 
4.375000e-01 5.999240e+00 1.959750e+01 4.608940e+02 
4.385000e-01 5.999240e+00 1.959750e+01 4.608940e+02 
4.395000e-01 5.999240e+00 1.959750e+01 4.608940e+02 
4.405000e-01 5.999240e+00 1.959750e+01 4.608940e+02 
4.415000e-01 5.999240e+00 1.959750e+01 4.608940e+02 
4.425000e-01 5.999240e+00 1.959750e+01 4.608940e+02 
4.435000e-01 5.999240e+00 1.959750e+01 4.608940e+02 
4.445000e-01 5.999240e+00 1.959750e+01 4.608940e+02 
4.455000e-01 5.999240e+00 1.959750e+01 4.608940e+02 
4.465000e-01 5.999240e+00 1.959750e+01 4.608940e+02 
4.475000e-01 5.999240e+00 1.959750e+01 4.608940e+02 
4.485000e-01 5.999240e+00 1.959750e+01 4.608940e+02 
4.495000e-01 5.999240e+00 1.959750e+01 4.608940e+02 
4.505000e-01 5.999240e+00 1.959750e+01 4.608940e+02 
4.515000e-01 5.999240e+00 1.959750e+01 4.608940e+02 
4.525000e-01 5.999240e+00 1.959750e+01 4.608940e+02 
4.535000e-01 5.999240e+00 1.959750e+01 4.608940e+02 
4.545000e-01 5.999240e+00 1.959750e+01 4.608940e+02 
4.555000e-01 5.999240e+00 1.959750e+01 4.608940e+02 
4.565000e-01 5.999240e+00 1.959750e+01 4.608940e+02 
4.575000e-01 5.999240e+00 1.959750e+01 4.608940e+02 
4.585000e-01 5.999240e+00 1.959750e+01 4.608940e+02 
4.595000e-01 5.999240e+00 1.959750e+01 4.608940e+02 
4.605000e-01 5.999240e+00 1.959750e+01 4.608940e+02 
4.615000e-01 5.999240e+00 1.959750e+01 4.608940e+02 
4.625000e-01 5.999240e+00 1.959750e+01 4.608940e+02 
4.635000e-01 5.999240e+00 1.959750e+01 4.608940e+02 
4.645000e-01 5.999240e+00 1.959750e+01 4.608940e+02 
4.655000e-01 5.999240e+00 1.959750e+01 4.608940e+02 
4.665000e-01 5.999240e+00 1.959750e+01 4.608940e+02 
4.675000e-01 5.999240e+00 1.959750e+01 4.608940e+02 
4.685000e-01 5.999240e+00 1.959750e+01 4.608940e+02 
4.695000e-01 5.999240e+00 1.959750e+01 4.608940e+02 
4.705000e-01 5.999240e+00 1.959750e+01 4.608940e+02 
4.715000e-01 5.999240e+00 1.959750e+01 4.608940e+02 
4.725000e-01 5.999240e+00 1.959750e+01 4.608940e+02 
4.735000e-01 5.999240e+00 1.959750e+01 4.608940e+02 
4.745000e-01 5.999240e+00 1.959750e+01 4.608940e+02 
4.755000e-01 5.999240e+00 1.959750e+01 4.608940e+02 
4.765000e-01 5.999240e+00 1.959750e+01 4.608940e+02 
4.775000e-01 5.999240e+00 1.959750e+01 4.608940e+02 
4.785000e-01 5.999240e+00 1.959750e+01 4.608940e+02 
4.795000e-01 5.999240e+00 1.959750e+01 4.608940e+02 
4.805000e-01 5.999240e+00 1.959750e+01 4.608940e+02 
4.815000e-01 5.999240e+00 1.959750e+01 4.608940e+02 
4.825000e-01 5.999240e+00 1.959750e+01 4.608940e+02 
4.835000e-01 5.999240e+00 1.959750e+01 4.608940e+02 
4.845000e-01 5.999240e+00 1.959750e+01 4.608940e+02 
4.855000e-01 5.999240e+00 1.959750e+01 4.608940e+02 
4.865000e-01 5.999240e+00 1.959750e+01 4.608940e+02 
4.875000e-01 5.999240e+00 1.959750e+01 4.608940e+02 
4.885000e-01 5.999240e+00 1.959750e+01 4.608940e+02 
4.895000e-01 5.999240e+00 1.959750e+01 4.608940e+02 
4.905000e-01 5.999240e+00 1.959750e+01 4.608940e+02 
4.915000e-01 5.999240e+00 1.959750e+01 4.608940e+02 
4.925000e-01 5.999240e+00 1.959750e+01 4.608940e+02 
4.935000e-01 5.999240e+00 1.959750e+01 4.608940e+02 
4.945000e-01 5.999240e+00 1.959750e+01 4.608940e+02 
4.955000e-01 5.999240e+00 1.959750e+01 4.608940e+02 
4.965000e-01 5.999240e+00 1.959750e+01 4.608940e+02 
4.975000e-01 5.999240e+00 1.959750e+01 4.608940e+02 
4.985000e-01 5.999240e+00 1.959750e+01 4.608940e+02 
4.995000e-01 5.999240e+00 1.959750e+01 4.608940e+02 
5.005000e-01 5.999240e+00 1.959750e+01 4.608940e+02 
5.015000e-01 5.999240e+00 1.959750e+01 4.608940e+02 
5.025000e-01 5.999240e+00 1.959750e+01 4.608940e+02 
5.035000e-01 5.999240e+00 1.959750e+01 4.608940e+02 
5.045000e-01 5.999240e+00 1.959750e+01 4.608940e+02 
5.055000e-01 5.999240e+00 1.959750e+01 4.608940e+02 
5.065000e-01 5.999240e+00 1.959750e+01 4.608940e+02 
5.075000e-01 5.999240e+00 1.959750e+01 4.608940e+02 
5.085000e-01 5.999240e+00 1.959750e+01 4.608940e+02 
5.095000e-01 5.999240e+00 1.959750e+01 4.608940e+02 
5.105000e-01 5.999240e+00 1.959750e+01 4.608940e+02 
5.115000e-01 5.999240e+00 1.959750e+01 4.608940e+02 
5.125000e-01 5.999240e+00 1.959750e+01 4.608940e+02 
5.135000e-01 5.999240e+00 1.959750e+01 4.608940e+02 
5.145000e-01 5.999240e+00 1.959750e+01 4.608940e+02 
5.155000e-01 5.999240e+00 1.959750e+01 4.608940e+02 
5.165000e-01 5.999240e+00 1.959750e+01 4.608940e+02 
5.175000e-01 5.999240e+00 1.959750e+01 4.608940e+02 
5.185000e-01 5.999240e+00 1.959750e+01 4.608940e+02 
5.195000e-01 5.999240e+00 1.959750e+01 4.608940e+02 
5.205000e-01 5.999240e+00 1.959750e+01 4.608940e+02 
5.215000e-01 5.999240e+00 1.959750e+01 4.608940e+02 
5.225000e-01 5.999240e+00 1.959750e+01 4.608940e+02 
5.235000e-01 5.999240e+00 1.959750e+01 4.608940e+02 
5.245000e-01 1.428235e+01 8.689774e+00 1.691647e+03 
5.255000e-01 1.428235e+01 8.689774e+00 1.691647e+03 
5.265000e-01 1.428235e+01 8.689774e+00 1.691647e+03 
5.275000e-01 1.428235e+01 8.689774e+00 1.691647e+03 
5.285000e-01 1.428235e+01 8.689774e+00 1.691647e+03 
5.295000e-01 1.428235e+01 8.689774e+00 1.691647e+03 
5.305000e-01 1.428235e+01 8.689774e+00 1.691647e+03 
5.315000e-01 1.428235e+01 8.689774e+00 1.691647e+03 
5.325000e-01 1.428235e+01 8.689774e+00 1.691647e+03 
5.335000e-01 1.428235e+01 8.689774e+00 1.691647e+03 
5.345000e-01 1.428235e+01 8.689774e+00 1.691647e+03 
5.355000e-01 1.428235e+01 8.689774e+00 1.691647e+03 
5.365000e-01 1.428235e+01 8.689774e+00 1.691647e+03 
5.375000e-01 1.428235e+01 8.689774e+00 1.691647e+03 
5.385000e-01 1.428235e+01 8.689774e+00 1.691647e+03 
5.395000e-01 1.428235e+01 8.689774e+00 1.691647e+03 
5.405000e-01 1.428235e+01 8.689774e+00 1.691647e+03 
5.415000e-01 1.428235e+01 8.689774e+00 1.691647e+03 
5.425000e-01 1.428235e+01 8.689774e+00 1.691647e+03 
5.435000e-01 1.428235e+01 8.689774e+00 1.691647e+03 
5.445000e-01 1.428235e+01 8.689774e+00 1.691647e+03 
5.455000e-01 1.428235e+01 8.689774e+00 1.691647e+03 
5.465000e-01 1.428235e+01 8.689774e+00 1.691647e+03 
5.475000e-01 1.428235e+01 8.689774e+00 1.691647e+03 
5.485000e-01 1.428235e+01 8.689774e+00 1.691647e+03 
5.495000e-01 1.428235e+01 8.689774e+00 1.691647e+03 
5.505000e-01 1.428235e+01 8.689774e+00 1.691647e+03 
5.515000e-01 1.428235e+01 8.689774e+00 1.691647e+03 
5.525000e-01 1.428235e+01 8.689774e+00 1.691647e+03 
5.535000e-01 1.428235e+01 8.689774e+00 1.691647e+03 
5.545000e-01 1.428235e+01 8.689774e+00 1.691647e+03 
5.555000e-01 1.428235e+01 8.689774e+00 1.691647e+03 
5.565000e-01 1.428235e+01 8.689774e+00 1.691647e+03 
5.575000e-01 1.428235e+01 8.689774e+00 1.691647e+03 
5.585000e-01 1.428235e+01 8.689774e+00 1.691647e+03 
5.595000e-01 1.428235e+01 8.689774e+00 1.691647e+03 
5.605000e-01 1.428235e+01 8.689774e+00 1.691647e+03 
5.615000e-01 1.428235e+01 8.689774e+00 1.691647e+03 
5.625000e-01 1.428235e+01 8.689774e+00 1.691647e+03 
5.635000e-01 1.428235e+01 8.689774e+00 1.691647e+03 
5.645000e-01 1.428235e+01 8.689774e+00 1.691647e+03 
5.655000e-01 1.428235e+01 8.689774e+00 1.691647e+03 
5.665000e-01 1.428235e+01 8.689774e+00 1.691647e+03 
5.675000e-01 1.428235e+01 8.689774e+00 1.691647e+03 
5.685000e-01 1.428235e+01 8.689774e+00 1.691647e+03 
5.695000e-01 1.428235e+01 8.689774e+00 1.691647e+03 
5.705000e-01 1.428235e+01 8.689774e+00 1.691647e+03 
5.715000e-01 1.428235e+01 8.689774e+00 1.691647e+03 
5.725000e-01 1.428235e+01 8.689774e+00 1.691647e+03 
5.735000e-01 1.428235e+01 8.689774e+00 1.691647e+03 
5.745000e-01 1.428235e+01 8.689774e+00 1.691647e+03 
5.755000e-01 1.428235e+01 8.689774e+00 1.691647e+03 
5.765000e-01 1.428235e+01 8.689774e+00 1.691647e+03 
5.775000e-01 1.428235e+01 8.689774e+00 1.691647e+03 
5.785000e-01 1.428235e+01 8.689774e+00 1.691647e+03 
5.795000e-01 1.428235e+01 8.689774e+00 1.691647e+03 
5.805000e-01 1.428235e+01 8.689774e+00 1.691647e+03 
5.815000e-01 1.428235e+01 8.689774e+00 1.691647e+03 
5.825000e-01 1.428235e+01 8.689774e+00 1.691647e+03 
5.835000e-01 1.428235e+01 8.689774e+00 1.691647e+03 
5.845000e-01 1.428235e+01 8.689774e+00 1.691647e+03 
5.855000e-01 1.428235e+01 8.689774e+00 1.691647e+03 
5.865000e-01 1.428235e+01 8.689774e+00 1.691647e+03 
5.875000e-01 1.428235e+01 8.689774e+00 1.691647e+03 
5.885000e-01 1.428235e+01 8.689774e+00 1.691647e+03 
5.895000e-01 1.428235e+01 8.689774e+00 1.691647e+03 
5.905000e-01 1.428235e+01 8.689774e+00 1.691647e+03 
5.915000e-01 1.428235e+01 8.689774e+00 1.691647e+03 
5.925000e-01 1.428235e+01 8.689774e+00 1.691647e+03 
5.935000e-01 1.428235e+01 8.689774e+00 1.691647e+03 
5.945000e-01 1.428235e+01 8.689774e+00 1.691647e+03 
5.955000e-01 1.428235e+01 8.689774e+00 1.691647e+03 
5.965000e-01 1.428235e+01 8.689774e+00 1.691647e+03 
5.975000e-01 1.428235e+01 8.689774e+00 1.691647e+03 
5.985000e-01 1.428235e+01 8.689774e+00 1.691647e+03 
5.995000e-01 1.428235e+01 8.689774e+00 1.691647e+03 
6.005000e-01 1.428235e+01 8.689774e+00 1.691647e+03 
6.015000e-01 1.428235e+01 8.689774e+00 1.691647e+03 
6.025000e-01 1.428235e+01 8.689774e+00 1.691647e+03 
6.035000e-01 1.428235e+01 8.689774e+00 1.691647e+03 
6.045000e-01 1.428235e+01 8.689774e+00 1.691647e+03 
6.055000e-01 1.428235e+01 8.689774e+00 1.691647e+03 
6.065000e-01 1.428235e+01 8.689774e+00 1.691647e+03 
6.075000e-01 1.428235e+01 8.689774e+00 1.691647e+03 
6.085000e-01 1.428235e+01 8.689774e+00 1.691647e+03 
6.095000e-01 1.428235e+01 8.689774e+00 1.691647e+03 
6.105000e-01 1.428235e+01 8.689774e+00 1.691647e+03 
6.115000e-01 1.428235e+01 8.689774e+00 1.691647e+03 
6.125000e-01 1.428235e+01 8.689774e+00 1.691647e+03 
6.135000e-01 1.428235e+01 8.689774e+00 1.691647e+03 
6.145000e-01 1.428235e+01 8.689774e+00 1.691647e+03 
6.155000e-01 1.428235e+01 8.689774e+00 1.691647e+03 
6.165000e-01 1.428235e+01 8.689774e+00 1.691647e+03 
6.175000e-01 1.428235e+01 8.689774e+00 1.691647e+03 
6.185000e-01 1.428235e+01 8.689774e+00 1.691647e+03 
6.195000e-01 1.428235e+01 8.689774e+00 1.691647e+03 
6.205000e-01 1.428235e+01 8.689774e+00 1.691647e+03 
6.215000e-01 1.428235e+01 8.689774e+00 1.691647e+03 
6.225000e-01 1.428235e+01 8.689774e+00 1.691647e+03 
6.235000e-01 1.428235e+01 8.689774e+00 1.691647e+03 
6.245000e-01 1.428235e+01 8.689774e+00 1.691647e+03 
6.255000e-01 1.428235e+01 8.689774e+00 1.691647e+03 
6.265000e-01 1.428235e+01 8.689774e+00 1.691647e+03 
6.275000e-01 1.428235e+01 8.689774e+00 1.691647e+03 
6.285000e-01 1.428235e+01 8.689774e+00 1.691647e+03 
6.295000e-01 1.428235e+01 8.689774e+00 1.691647e+03 
6.305000e-01 1.428235e+01 8.689774e+00 1.691647e+03 
6.315000e-01 1.428235e+01 8.689774e+00 1.691647e+03 
6.325000e-01 1.428235e+01 8.689774e+00 1.691647e+03 
6.335000e-01 1.428235e+01 8.689774e+00 1.691647e+03 
6.345000e-01 1.428235e+01 8.689774e+00 1.691647e+03 
6.355000e-01 1.428235e+01 8.689774e+00 1.691647e+03 
6.365000e-01 1.428235e+01 8.689774e+00 1.691647e+03 
6.375000e-01 1.428235e+01 8.689774e+00 1.691647e+03 
6.385000e-01 1.428235e+01 8.689774e+00 1.691647e+03 
6.395000e-01 1.428235e+01 8.689774e+00 1.691647e+03 
6.405000e-01 1.428235e+01 8.689774e+00 1.691647e+03 
6.415000e-01 1.428235e+01 8.689774e+00 1.691647e+03 
6.425000e-01 1.428235e+01 8.689774e+00 1.691647e+03 
6.435000e-01 1.428235e+01 8.689774e+00 1.691647e+03 
6.445000e-01 1.428235e+01 8.689774e+00 1.691647e+03 
6.455000e-01 1.428235e+01 8.689774e+00 1.691647e+03 
6.465000e-01 1.428235e+01 8.689774e+00 1.691647e+03 
6.475000e-01 1.428235e+01 8.689774e+00 1.691647e+03 
6.485000e-01 1.428235e+01 8.689774e+00 1.691647e+03 
6.495000e-01 1.428235e+01 8.689774e+00 1.691647e+03 
6.505000e-01 1.428235e+01 8.689774e+00 1.691647e+03 
6.515000e-01 1.428235e+01 8.689774e+00 1.691647e+03 
6.525000e-01 1.428235e+01 8.689774e+00 1.691647e+03 
6.535000e-01 1.428235e+01 8.689774e+00 1.691647e+03 
6.545000e-01 1.428235e+01 8.689774e+00 1.691647e+03 
6.555000e-01 1.428235e+01 8.689774e+00 1.691647e+03 
6.565000e-01 1.428235e+01 8.689774e+00 1.691647e+03 
6.575000e-01 1.428235e+01 8.689774e+00 1.691647e+03 
6.585000e-01 1.428235e+01 8.689774e+00 1.691647e+03 
6.595000e-01 1.428235e+01 8.689774e+00 1.691647e+03 
6.605000e-01 1.428235e+01 8.689774e+00 1.691647e+03 
6.615000e-01 1.428235e+01 8.689774e+00 1.691647e+03 
6.625000e-01 1.428235e+01 8.689774e+00 1.691647e+03 
6.635000e-01 1.428235e+01 8.689774e+00 1.691647e+03 
6.645000e-01 1.428235e+01 8.689774e+00 1.691647e+03 
6.655000e-01 1.428235e+01 8.689774e+00 1.691647e+03 
6.665000e-01 1.428235e+01 8.689774e+00 1.691647e+03 
6.675000e-01 1.428235e+01 8.689774e+00 1.691647e+03 
6.685000e-01 1.428235e+01 8.689774e+00 1.691647e+03 
6.695000e-01 1.428235e+01 8.689774e+00 1.691647e+03 
6.705000e-01 1.428235e+01 8.689774e+00 1.691647e+03 
6.715000e-01 1.428235e+01 8.689774e+00 1.691647e+03 
6.725000e-01 1.428235e+01 8.689774e+00 1.691647e+03 
6.735000e-01 1.428235e+01 8.689774e+00 1.691647e+03 
6.745000e-01 1.428235e+01 8.689774e+00 1.691647e+03 
6.755000e-01 1.428235e+01 8.689774e+00 1.691647e+03 
6.765000e-01 1.428235e+01 8.689774e+00 1.691647e+03 
6.775000e-01 1.428235e+01 8.689774e+00 1.691647e+03 
6.785000e-01 1.428235e+01 8.689774e+00 1.691647e+03 
6.795000e-01 1.428235e+01 8.689774e+00 1.691647e+03 
6.805000e-01 1.428235e+01 8.689774e+00 1.691647e+03 
6.815000e-01 1.428235e+01 8.689774e+00 1.691647e+03 
6.825000e-01 1.428235e+01 8.689774e+00 1.691647e+03 
6.835000e-01 1.428235e+01 8.689774e+00 1.691647e+03 
6.845000e-01 1.428235e+01 8.689774e+00 1.691647e+03 
6.855000e-01 1.428235e+01 8.689774e+00 1.691647e+03 
6.865000e-01 1.428235e+01 8.689774e+00 1.691647e+03 
6.875000e-01 1.428235e+01 8.689774e+00 1.691647e+03 
6.885000e-01 1.428235e+01 8.689774e+00 1.691647e+03 
6.895000e-01 1.428235e+01 8.689774e+00 1.691647e+03 
6.905000e-01 1.428235e+01 8.689774e+00 1.691647e+03 
6.915000e-01 1.428235e+01 8.689774e+00 1.691647e+03 
6.925000e-01 1.428235e+01 8.689774e+00 1.691647e+03 
6.935000e-01 1.428235e+01 8.689774e+00 1.691647e+03 
6.945000e-01 1.428235e+01 8.689774e+00 1.691647e+03 
6.955000e-01 1.428235e+01 8.689774e+00 1.691647e+03 
6.965000e-01 1.428235e+01 8.689774e+00 1.691647e+03 
6.975000e-01 1.428235e+01 8.689774e+00 1.691647e+03 
6.985000e-01 1.428235e+01 8.689774e+00 1.691647e+03 
6.995000e-01 1.428235e+01 8.689774e+00 1.691647e+03 
7.005000e-01 1.428235e+01 8.689774e+00 1.691647e+03 
7.015000e-01 1.428235e+01 8.689774e+00 1.691647e+03 
7.025000e-01 1.428235e+01 8.689774e+00 1.691647e+03 
7.035000e-01 1.428235e+01 8.689774e+00 1.691647e+03 
7.045000e-01 1.428235e+01 8.689774e+00 1.691647e+03 
7.055000e-01 1.428235e+01 8.689774e+00 1.691647e+03 
7.065000e-01 1.428235e+01 8.689774e+00 1.691647e+03 
7.075000e-01 1.428235e+01 8.689774e+00 1.691647e+03 
7.085000e-01 1.428235e+01 8.689774e+00 1.691647e+03 
7.095000e-01 1.428235e+01 8.689774e+00 1.691647e+03 
7.105000e-01 1.428235e+01 8.689774e+00 1.691647e+03 
7.115000e-01 1.428235e+01 8.689774e+00 1.691647e+03 
7.125000e-01 1.428235e+01 8.689774e+00 1.691647e+03 
7.135000e-01 1.428235e+01 8.689774e+00 1.691647e+03 
7.145000e-01 1.428235e+01 8.689774e+00 1.691647e+03 
7.155000e-01 1.428235e+01 8.689774e+00 1.691647e+03 
7.165000e-01 1.428235e+01 8.689774e+00 1.691647e+03 
7.175000e-01 1.428235e+01 8.689774e+00 1.691647e+03 
7.185000e-01 1.428235e+01 8.689774e+00 1.691647e+03 
7.195000e-01 1.428235e+01 8.689774e+00 1.691647e+03 
7.205000e-01 1.428235e+01 8.689774e+00 1.691647e+03 
7.215000e-01 1.428235e+01 8.689774e+00 1.691647e+03 
7.225000e-01 1.428235e+01 8.689774e+00 1.691647e+03 
7.235000e-01 1.428235e+01 8.689774e+00 1.691647e+03 
7.245000e-01 1.428235e+01 8.689774e+00 1.691647e+03 
7.255000e-01 1.428235e+01 8.689774e+00 1.691647e+03 
7.265000e-01 1.428235e+01 8.689774e+00 1.691647e+03 
7.275000e-01 1.428235e+01 8.689774e+00 1.691647e+03 
7.285000e-01 1.428235e+01 8.689774e+00 1.691647e+03 
7.295000e-01 1.428235e+01 8.689774e+00 1.691647e+03 
7.305000e-01 1.428235e+01 8.689774e+00 1.691647e+03 
7.315000e-01 1.428235e+01 8.689774e+00 1.691647e+03 
7.325000e-01 1.428235e+01 8.689774e+00 1.691647e+03 
7.335000e-01 1.428235e+01 8.689774e+00 1.691647e+03 
7.345000e-01 1.428235e+01 8.689774e+00 1.691647e+03 
7.355000e-01 1.428235e+01 8.689774e+00 1.691647e+03 
7.365000e-01 1.428235e+01 8.689774e+00 1.691647e+03 
7.375000e-01 1.428235e+01 8.689774e+00 1.691647e+03 
7.385000e-01 1.428235e+01 8.689774e+00 1.691647e+03 
7.395000e-01 1.428235e+01 8.689774e+00 1.691647e+03 
7.405000e-01 1.428235e+01 8.689774e+00 1.691647e+03 
7.415000e-01 1.428235e+01 8.689774e+00 1.691647e+03 
7.425000e-01 1.428235e+01 8.689774e+00 1.691647e+03 
7.435000e-01 1.428235e+01 8.689774e+00 1.691647e+03 
7.445000e-01 1.428235e+01 8.689774e+00 1.691647e+03 
7.455000e-01 1.428235e+01 8.689774e+00 1.691647e+03 
7.465000e-01 1.428235e+01 8.689774e+00 1.691647e+03 
7.475000e-01 1.428235e+01 8.689774e+00 1.691647e+03 
7.485000e-01 1.428235e+01 8.689774e+00 1.691647e+03 
7.495000e-01 1.428235e+01 8.689774e+00 1.691647e+03 
7.505000e-01 1.428235e+01 8.689774e+00 1.691647e+03 
7.515000e-01 1.428235e+01 8.689774e+00 1.691647e+03 
7.525000e-01 1.428235e+01 8.689774e+00 1.691647e+03 
7.535000e-01 1.428235e+01 8.689774e+00 1.691647e+03 
7.545000e-01 1.428235e+01 8.689774e+00 1.691647e+03 
7.555000e-01 1.428235e+01 8.689774e+00 1.691647e+03 
7.565000e-01 1.428235e+01 8.689774e+00 1.691647e+03 
7.575000e-01 1.428235e+01 8.689774e+00 1.691647e+03 
7.585000e-01 1.428235e+01 8.689774e+00 1.691647e+03 
7.595000e-01 1.428235e+01 8.689774e+00 1.691647e+03 
7.605000e-01 1.428235e+01 8.689774e+00 1.691647e+03 
7.615000e-01 3.104260e+01 8.689774e+00 1.691647e+03 
7.625000e-01 3.104260e+01 8.689774e+00 1.691647e+03 
7.635000e-01 3.104260e+01 8.689774e+00 1.691647e+03 
7.645000e-01 3.104260e+01 8.689774e+00 1.691647e+03 
7.655000e-01 3.104260e+01 8.689774e+00 1.691647e+03 
7.665000e-01 3.104260e+01 8.689774e+00 1.691647e+03 
7.675000e-01 3.104260e+01 8.689774e+00 1.691647e+03 
7.685000e-01 3.104260e+01 8.689774e+00 1.691647e+03 
7.695000e-01 3.104260e+01 8.689774e+00 1.691647e+03 
7.705000e-01 3.104260e+01 8.689774e+00 1.691647e+03 
7.715000e-01 3.104260e+01 8.689774e+00 1.691647e+03 
7.725000e-01 3.104260e+01 8.689774e+00 1.691647e+03 
7.735000e-01 3.104260e+01 8.689774e+00 1.691647e+03 
7.745000e-01 3.104260e+01 8.689774e+00 1.691647e+03 
7.755000e-01 3.104260e+01 8.689774e+00 1.691647e+03 
7.765000e-01 3.104260e+01 8.689774e+00 1.691647e+03 
7.775000e-01 3.104260e+01 8.689774e+00 1.691647e+03 
7.785000e-01 3.104260e+01 8.689774e+00 1.691647e+03 
7.795000e-01 3.104260e+01 8.689774e+00 1.691647e+03 
7.805000e-01 3.104260e+01 8.689774e+00 1.691647e+03 
7.815000e-01 3.104260e+01 8.689774e+00 1.691647e+03 
7.825000e-01 3.104260e+01 8.689774e+00 1.691647e+03 
7.835000e-01 3.104260e+01 8.689774e+00 1.691647e+03 
7.845000e-01 3.104260e+01 8.689774e+00 1.691647e+03 
7.855000e-01 3.104260e+01 8.689774e+00 1.691647e+03 
7.865000e-01 3.104260e+01 8.689774e+00 1.691647e+03 
7.875000e-01 3.104260e+01 8.689774e+00 1.691647e+03 
7.885000e-01 3.104260e+01 8.689774e+00 1.691647e+03 
7.895000e-01 3.104260e+01 8.689774e+00 1.691647e+03 
7.905000e-01 3.104260e+01 8.689774e+00 1.691647e+03 
7.915000e-01 3.104260e+01 8.689774e+00 1.691647e+03 
7.925000e-01 3.104260e+01 8.689774e+00 1.691647e+03 
7.935000e-01 3.104260e+01 8.689774e+00 1.691647e+03 
7.945000e-01 3.104260e+01 8.689774e+00 1.691647e+03 
7.955000e-01 3.104260e+01 8.689774e+00 1.691647e+03 
7.965000e-01 3.104260e+01 8.689774e+00 1.691647e+03 
7.975000e-01 3.104260e+01 8.689774e+00 1.691647e+03 
7.985000e-01 3.104260e+01 8.689774e+00 1.691647e+03 
7.995000e-01 3.104260e+01 8.689774e+00 1.691647e+03 
8.005000e-01 3.104260e+01 8.689774e+00 1.691647e+03 
8.015000e-01 3.104260e+01 8.689774e+00 1.691647e+03 
8.025000e-01 3.104260e+01 8.689774e+00 1.691647e+03 
8.035000e-01 3.104260e+01 8.689774e+00 1.691647e+03 
8.045000e-01 3.104260e+01 8.689774e+00 1.691647e+03 
8.055000e-01 3.104260e+01 8.689774e+00 1.691647e+03 
8.065000e-01 3.104260e+01 8.689774e+00 1.691647e+03 
8.075000e-01 3.104260e+01 8.689774e+00 1.691647e+03 
8.085000e-01 3.104260e+01 8.689774e+00 1.691647e+03 
8.095000e-01 3.104260e+01 8.689774e+00 1.691647e+03 
8.105000e-01 3.104260e+01 8.689774e+00 1.691647e+03 
8.115000e-01 3.104260e+01 8.689774e+00 1.691647e+03 
8.125000e-01 3.104260e+01 8.689774e+00 1.691647e+03 
8.135000e-01 3.104260e+01 8.689774e+00 1.691647e+03 
8.145000e-01 3.104260e+01 8.689774e+00 1.691647e+03 
8.155000e-01 3.104260e+01 8.689774e+00 1.691647e+03 
8.165000e-01 3.104260e+01 8.689774e+00 1.691647e+03 
8.175000e-01 3.104260e+01 8.689774e+00 1.691647e+03 
8.185000e-01 3.104260e+01 8.689774e+00 1.691647e+03 
8.195000e-01 3.104260e+01 8.689774e+00 1.691647e+03 
8.205000e-01 3.104260e+01 8.689774e+00 1.691647e+03 
8.215000e-01 3.104260e+01 8.689774e+00 1.691647e+03 
8.225000e-01 3.104260e+01 8.689774e+00 1.691647e+03 
8.235000e-01 3.104260e+01 8.689774e+00 1.691647e+03 
8.245000e-01 3.104260e+01 8.689774e+00 1.691647e+03 
8.255000e-01 3.104260e+01 8.689774e+00 1.691647e+03 
8.265000e-01 3.104260e+01 8.689774e+00 1.691647e+03 
8.275000e-01 3.104260e+01 8.689774e+00 1.691647e+03 
8.285000e-01 3.104260e+01 8.689774e+00 1.691647e+03 
8.295000e-01 3.104260e+01 8.689774e+00 1.691647e+03 
8.305000e-01 3.104260e+01 8.689774e+00 1.691647e+03 
8.315000e-01 3.104260e+01 8.689774e+00 1.691647e+03 
8.325000e-01 3.104260e+01 8.689774e+00 1.691647e+03 
8.335000e-01 3.104260e+01 8.689774e+00 1.691647e+03 
8.345000e-01 3.104260e+01 8.689774e+00 1.691647e+03 
8.355000e-01 3.104260e+01 8.689774e+00 1.691647e+03 
8.365000e-01 3.104260e+01 8.689774e+00 1.691647e+03 
8.375000e-01 3.104260e+01 8.689774e+00 1.691647e+03 
8.385000e-01 3.104260e+01 8.689774e+00 1.691647e+03 
8.395000e-01 3.104260e+01 8.689774e+00 1.691647e+03 
8.405000e-01 3.104260e+01 8.689774e+00 1.691647e+03 
8.415000e-01 3.104260e+01 8.689774e+00 1.691647e+03 
8.425000e-01 3.104260e+01 8.689774e+00 1.691647e+03 
8.435000e-01 3.104260e+01 8.689774e+00 1.691647e+03 
8.445000e-01 3.104260e+01 8.689774e+00 1.691647e+03 
8.455000e-01 3.104260e+01 8.689774e+00 1.691647e+03 
8.465000e-01 3.104260e+01 8.689774e+00 1.691647e+03 
8.475000e-01 3.104260e+01 8.689774e+00 1.691647e+03 
8.485000e-01 3.104260e+01 8.689774e+00 1.691647e+03 
8.495000e-01 3.104260e+01 8.689774e+00 1.691647e+03 
8.505000e-01 3.104260e+01 8.689774e+00 1.691647e+03 
8.515000e-01 3.104260e+01 8.689774e+00 1.691647e+03 
8.525000e-01 3.104260e+01 8.689774e+00 1.691647e+03 
8.535000e-01 3.104260e+01 8.689774e+00 1.691647e+03 
8.545000e-01 3.104260e+01 8.689774e+00 1.691647e+03 
8.555000e-01 3.104260e+01 8.689774e+00 1.691647e+03 
8.565000e-01 3.104260e+01 8.689774e+00 1.691647e+03 
8.575000e-01 3.104260e+01 8.689774e+00 1.691647e+03 
8.585000e-01 3.104260e+01 8.689774e+00 1.691647e+03 
8.595000e-01 3.104260e+01 8.689774e+00 1.691647e+03 
8.605000e-01 3.104260e+01 8.689774e+00 1.691647e+03 
8.615000e-01 3.104260e+01 8.689774e+00 1.691647e+03 
8.625000e-01 3.104260e+01 8.689774e+00 1.691647e+03 
8.635000e-01 3.104260e+01 8.689774e+00 1.691647e+03 
8.645000e-01 3.104260e+01 8.689774e+00 1.691647e+03 
8.655000e-01 3.104260e+01 8.689774e+00 1.691647e+03 
8.665000e-01 3.104260e+01 8.689774e+00 1.691647e+03 
8.675000e-01 3.104260e+01 8.689774e+00 1.691647e+03 
8.685000e-01 5.992420e+00 -6.196330e+00 4.609500e+01 
8.695000e-01 5.992420e+00 -6.196330e+00 4.609500e+01 
8.705000e-01 5.992420e+00 -6.196330e+00 4.609500e+01 
8.715000e-01 5.992420e+00 -6.196330e+00 4.609500e+01 
8.725000e-01 5.992420e+00 -6.196330e+00 4.609500e+01 
8.735000e-01 5.992420e+00 -6.196330e+00 4.609500e+01 
8.745000e-01 5.992420e+00 -6.196330e+00 4.609500e+01 
8.755000e-01 5.992420e+00 -6.196330e+00 4.609500e+01 
8.765000e-01 5.992420e+00 -6.196330e+00 4.609500e+01 
8.775000e-01 5.992420e+00 -6.196330e+00 4.609500e+01 
8.785000e-01 5.992420e+00 -6.196330e+00 4.609500e+01 
8.795000e-01 5.992420e+00 -6.196330e+00 4.609500e+01 
8.805000e-01 5.992420e+00 -6.196330e+00 4.609500e+01 
8.815000e-01 5.992420e+00 -6.196330e+00 4.609500e+01 
8.825000e-01 5.992420e+00 -6.196330e+00 4.609500e+01 
8.835000e-01 5.992420e+00 -6.196330e+00 4.609500e+01 
8.845000e-01 5.992420e+00 -6.196330e+00 4.609500e+01 
8.855000e-01 5.992420e+00 -6.196330e+00 4.609500e+01 
8.865000e-01 5.992420e+00 -6.196330e+00 4.609500e+01 
8.875000e-01 5.992420e+00 -6.196330e+00 4.609500e+01 
8.885000e-01 5.992420e+00 -6.196330e+00 4.609500e+01 
8.895000e-01 5.992420e+00 -6.196330e+00 4.609500e+01 
8.905000e-01 5.992420e+00 -6.196330e+00 4.609500e+01 
8.915000e-01 5.992420e+00 -6.196330e+00 4.609500e+01 
8.925000e-01 5.992420e+00 -6.196330e+00 4.609500e+01 
8.935000e-01 5.992420e+00 -6.196330e+00 4.609500e+01 
8.945000e-01 5.992420e+00 -6.196330e+00 4.609500e+01 
8.955000e-01 5.992420e+00 -6.196330e+00 4.609500e+01 
8.965000e-01 5.992420e+00 -6.196330e+00 4.609500e+01 
8.975000e-01 5.992420e+00 -6.196330e+00 4.609500e+01 
8.985000e-01 5.992420e+00 -6.196330e+00 4.609500e+01 
8.995000e-01 5.992420e+00 -6.196330e+00 4.609500e+01 
9.005000e-01 5.992420e+00 -6.196330e+00 4.609500e+01 
9.015000e-01 5.992420e+00 -6.196330e+00 4.609500e+01 
9.025000e-01 5.992420e+00 -6.196330e+00 4.609500e+01 
9.035000e-01 5.992420e+00 -6.196330e+00 4.609500e+01 
9.045000e-01 5.992420e+00 -6.196330e+00 4.609500e+01 
9.055000e-01 5.992420e+00 -6.196330e+00 4.609500e+01 
9.065000e-01 5.992420e+00 -6.196330e+00 4.609500e+01 
9.075000e-01 5.992420e+00 -6.196330e+00 4.609500e+01 
9.085000e-01 5.992420e+00 -6.196330e+00 4.609500e+01 
9.095000e-01 5.992420e+00 -6.196330e+00 4.609500e+01 
9.105000e-01 5.992420e+00 -6.196330e+00 4.609500e+01 
9.115000e-01 5.992420e+00 -6.196330e+00 4.609500e+01 
9.125000e-01 5.992420e+00 -6.196330e+00 4.609500e+01 
9.135000e-01 5.992420e+00 -6.196330e+00 4.609500e+01 
9.145000e-01 5.992420e+00 -6.196330e+00 4.609500e+01 
9.155000e-01 5.992420e+00 -6.196330e+00 4.609500e+01 
9.165000e-01 5.992420e+00 -6.196330e+00 4.609500e+01 
9.175000e-01 5.992420e+00 -6.196330e+00 4.609500e+01 
9.185000e-01 5.992420e+00 -6.196330e+00 4.609500e+01 
9.195000e-01 5.992420e+00 -6.196330e+00 4.609500e+01 
9.205000e-01 5.992420e+00 -6.196330e+00 4.609500e+01 
9.215000e-01 5.992420e+00 -6.196330e+00 4.609500e+01 
9.225000e-01 5.992420e+00 -6.196330e+00 4.609500e+01 
9.235000e-01 5.992420e+00 -6.196330e+00 4.609500e+01 
9.245000e-01 5.992420e+00 -6.196330e+00 4.609500e+01 
9.255000e-01 5.992420e+00 -6.196330e+00 4.609500e+01 
9.265000e-01 5.992420e+00 -6.196330e+00 4.609500e+01 
9.275000e-01 5.992420e+00 -6.196330e+00 4.609500e+01 
9.285000e-01 5.992420e+00 -6.196330e+00 4.609500e+01 
9.295000e-01 5.992420e+00 -6.196330e+00 4.609500e+01 
9.305000e-01 5.992420e+00 -6.196330e+00 4.609500e+01 
9.315000e-01 5.992420e+00 -6.196330e+00 4.609500e+01 
9.325000e-01 5.992420e+00 -6.196330e+00 4.609500e+01 
9.335000e-01 5.992420e+00 -6.196330e+00 4.609500e+01 
9.345000e-01 5.992420e+00 -6.196330e+00 4.609500e+01 
9.355000e-01 5.992420e+00 -6.196330e+00 4.609500e+01 
9.365000e-01 5.992420e+00 -6.196330e+00 4.609500e+01 
9.375000e-01 5.992420e+00 -6.196330e+00 4.609500e+01 
9.385000e-01 5.992420e+00 -6.196330e+00 4.609500e+01 
9.395000e-01 5.992420e+00 -6.196330e+00 4.609500e+01 
9.405000e-01 5.992420e+00 -6.196330e+00 4.609500e+01 
9.415000e-01 5.992420e+00 -6.196330e+00 4.609500e+01 
9.425000e-01 5.992420e+00 -6.196330e+00 4.609500e+01 
9.435000e-01 5.992420e+00 -6.196330e+00 4.609500e+01 
9.445000e-01 5.992420e+00 -6.196330e+00 4.609500e+01 
9.455000e-01 5.992420e+00 -6.196330e+00 4.609500e+01 
9.465000e-01 5.992420e+00 -6.196330e+00 4.609500e+01 
9.475000e-01 5.992420e+00 -6.196330e+00 4.609500e+01 
9.485000e-01 5.992420e+00 -6.196330e+00 4.609500e+01 
9.495000e-01 5.992420e+00 -6.196330e+00 4.609500e+01 
9.505000e-01 5.992420e+00 -6.196330e+00 4.609500e+01 
9.515000e-01 5.992420e+00 -6.196330e+00 4.609500e+01 
9.525000e-01 5.992420e+00 -6.196330e+00 4.609500e+01 
9.535000e-01 5.992420e+00 -6.196330e+00 4.609500e+01 
9.545000e-01 5.992420e+00 -6.196330e+00 4.609500e+01 
9.555000e-01 5.992420e+00 -6.196330e+00 4.609500e+01 
9.565000e-01 5.992420e+00 -6.196330e+00 4.609500e+01 
9.575000e-01 5.992420e+00 -6.196330e+00 4.609500e+01 
9.585000e-01 5.992420e+00 -6.196330e+00 4.609500e+01 
9.595000e-01 5.992420e+00 -6.196330e+00 4.609500e+01 
9.605000e-01 5.992420e+00 -6.196330e+00 4.609500e+01 
9.615000e-01 5.992420e+00 -6.196330e+00 4.609500e+01 
9.625000e-01 5.992420e+00 -6.196330e+00 4.609500e+01 
9.635000e-01 5.992420e+00 -6.196330e+00 4.609500e+01 
9.645000e-01 5.992420e+00 -6.196330e+00 4.609500e+01 
9.655000e-01 5.992420e+00 -6.196330e+00 4.609500e+01 
9.665000e-01 5.992420e+00 -6.196330e+00 4.609500e+01 
9.675000e-01 5.992420e+00 -6.196330e+00 4.609500e+01 
9.685000e-01 5.992420e+00 -6.196330e+00 4.609500e+01 
9.695000e-01 5.992420e+00 -6.196330e+00 4.609500e+01 
9.705000e-01 5.992420e+00 -6.196330e+00 4.609500e+01 
9.715000e-01 5.992420e+00 -6.196330e+00 4.609500e+01 
9.725000e-01 5.992420e+00 -6.196330e+00 4.609500e+01 
9.735000e-01 5.992420e+00 -6.196330e+00 4.609500e+01 
9.745000e-01 5.992420e+00 -6.196330e+00 4.609500e+01 
9.755000e-01 5.992420e+00 -6.196330e+00 4.609500e+01 
9.765000e-01 5.992420e+00 -6.196330e+00 4.609500e+01 
9.775000e-01 5.992420e+00 -6.196330e+00 4.609500e+01 
9.785000e-01 5.992420e+00 -6.196330e+00 4.609500e+01 
9.795000e-01 5.992420e+00 -6.196330e+00 4.609500e+01 
9.805000e-01 5.992420e+00 -6.196330e+00 4.609500e+01 
9.815000e-01 5.992420e+00 -6.196330e+00 4.609500e+01 
9.825000e-01 5.992420e+00 -6.196330e+00 4.609500e+01 
9.835000e-01 5.992420e+00 -6.196330e+00 4.609500e+01 
9.845000e-01 5.992420e+00 -6.196330e+00 4.609500e+01 
9.855000e-01 5.992420e+00 -6.196330e+00 4.609500e+01 
9.865000e-01 5.992420e+00 -6.196330e+00 4.609500e+01 
9.875000e-01 5.992420e+00 -6.196330e+00 4.609500e+01 
9.885000e-01 5.992420e+00 -6.196330e+00 4.609500e+01 
9.895000e-01 5.992420e+00 -6.196330e+00 4.609500e+01 
9.905000e-01 5.992420e+00 -6.196330e+00 4.609500e+01 
9.915000e-01 5.992420e+00 -6.196330e+00 4.609500e+01 
9.925000e-01 5.992420e+00 -6.196330e+00 4.609500e+01 
9.935000e-01 5.992420e+00 -6.196330e+00 4.609500e+01 
9.945000e-01 5.992420e+00 -6.196330e+00 4.609500e+01 
9.955000e-01 5.992420e+00 -6.196330e+00 4.609500e+01 
9.965000e-01 5.992420e+00 -6.196330e+00 4.609500e+01 
9.975000e-01 5.992420e+00 -6.196330e+00 4.609500e+01 
9.985000e-01 5.992420e+00 -6.196330e+00 4.609500e+01 
9.995000e-01 5.992420e+00 -6.196330e+00 4.609500e+01 
